1061116
1061106
1061118
1061119
1061123
1061124
1061125
1061126
1061127
1061128
1061283
1061284
1061286
1061288
1061259
1061254
1061253
1061246
1061245
1061242
1061240
1061239
1061238
1061236
1061235
1061234
1061233
1061232
1061229
1061224
1061223
1061222
1061221
1061220
1061219
1061282
1061279
1061277
1061274
1061268
1061266
1061265
1061264
1061263
1061262
1061261
1061260
1061113
1061114
1064136
1061381
1061380
1061379
1061377
1061376
1061375
1061374
1061370
1061372
1061368
1061369
1061366
1061367
1061364
1061363
1061362
1061360
1061358
1061357
1061356
1061355
1061354
1061353
1061351
1061349
1061348
1061347
1061346
1061343
1061342
1061341
1061340
1061339
1061337
1061335
1061336
1061333
1061331
1061330
1061329
1061328
1061324
1061322
1061321
1061320
1061319
1061317
1061316
1061315
1061314
1061141
1061140
1061136
1061134
1061133
1061132
1061130
1064061
1061294
1062139
1062141
1062140
1064059
1062145
1062144
1062142
1064060
1062146
1062147
1062160
1062152
1062149
1062164
1062163
1062167
1062166
1062165
1062169
1062168
1064062
1062170
1062172
1062171
1062138
1062135
1062137
1062197
1062178
1064063
1062182
1062179
1062189
1062187
1062183
1062191
1062190
1062194
1062193
1064064
1062196
1062195
1062198
1064065
1062173
1062133
1061122
1064211
1061131
1064207
1064206
1061291
1064165
1061327
1061325
1064164
1061332
1064162
1064160
1061350
1064155
1064157
1061359
1064154
1061365
1064153
1064150
1061378
1064149
1061384
1061382
1064148
1064147
1061391
1064146
1064144
1061395
1064145
1061400
1064143
1061404
1061409
1064142
1061407
1061415
1064141
1061420
1061433
1064139
1061431
1061487
1062435
1062437
1062506
1062507
1062508
1062511
1062598
1062609
1062624
1062799
1062817
1062819
1062849
1062857
1062991
1062992
1062994
1063001
1063037
1063321
1063322
1063334
1063352
1063358
1063371
1063373
1063384
1063387
1063389
1063421
1063422
1063424
1063452
1063458
1063506
1063526
1063531
1063532
1063560
1063561
1063562
1063570
1063589
1063590
1063591
1063592
1063666
1063667
1063670
1063680
1063683
1063686
1063691
1063692
1063693
1063695
1063741
1063743
1063744
1063751
1063752
1063754
1063757
1063764
1063765
1063766
1063775
1063776
1063777
1063780
1063787
1063796
1063798
1063799
1063805
1063807
1063808
1063828
1063830
1063833
1063853
1063856
1063857
1063874
1063875
1063883
1063884
1063885
1063897
1063898
1063904
1063906
1063915
1063917
1063918
1063926
1063925
1063927
1063928
1063934
1063831
1063697
1063734
1063736
1063760
1063655
1063718
1063671
1063651
1063652
1063650
1063640
1063642
1063636
1063621
1063635
1063631
1063610
1063613
1063612
1063602
1063601
1063604
1063603
1063549
1063548
1063542
1062856
1062943
1062809
1062844
1062944
1062769
1062792
1062860
1062667
1062703
1062816
1062656
1062631
1062768
1061107
1063523
1063522
1063521
1063517
1063512
1063510
1063508
1063499
1063498
1063497
1063488
1063487
1063485
1063478
1063477
1063476
1063467
1063464
1063463
1063456
1063454
1063445
1063442
1063441
1063433
1063429
1063428
1063425
1063416
1063415
1063414
1063406
1063405
1063404
1063391
1063382
1063369
1063368
1063367
1063361
1063360
1063356
1063353
1063344
1063343
1063333
1063331
1063323
1063320
1063316
1063312
1063306
1063304
1063302
1063295
1063294
1063292
1063291
1062721
1062720
1062718
1062714
1062713
1062712
1062706
1062704
1062701
1062695
1062694
1062693
1062685
1062683
1062682
1062663
1062661
1062653
1062652
1062644
1062643
1062635
1062633
1062632
1062615
1062581
11933296
1062580
1062578
1062573
1062572
1062571
1062568
1062563
1062562
1062556
1062555
1062554
1062548
1062546
1062535
1062530
1062529
1062522
1062496
1062490
1062489
1062488
1062482
1062481
1062480
1062475
1062474
1062473
1062466
1062465
1062461
1062456
1062455
1062454
1062448
1062447
1062440
1062439
1062430
1062429
1062427
1062420
1062417
1062415
1062407
1062405
1062404
1062403
1062396
1062395
1062394
1062391
1062388
1062385
1062383
1062381
1062379
1062373
1062371
1062370
1062364
1062363
11933297
1062356
1062355
1062354
1062353
1062348
1062347
1062346
1062323
1062322
1061498
1061822
1062211
1061818
1064042
1064044
1061511
1062154
1062151
1061516
1061519
1061790
1061521
1061780
1061557
1061773
1061778
1061600
1061615
1064212
1061115
1061766
1064006
1061849
1062127
1061758
1062128
1061917
1061750
1061749
1062006
1061743
1062043
1062108
1061739
1061740
1062099
1061738
1061546
1061736
1063584
1062204
1061709
1061718
1062217
1062223
1064130
1062224
1062233
1064127
1061716
1062109
1064129
1061707
1061713
1064126
1062103
1061704
1062098
1061702
1061703
1062854
1061699
1063778
1064121
1064119
1061667
1062412
1064117
1063869
1064116
1061555
1062083
1062080
1061680
1061679
1062243
1064105
1064106
1064082
1061793
1061673
1061670
1064104
1061668
1061674
1061666
1062159
1064097
1062215
1064092
1062611
1062126
1064084
1064177
1061651
1063520
1061649
1062247
1064081
1064194
1061179
1062104
1061662
1064096
1064099
1062067
1064100
1062066
1064102
1064103
1061665
1063966
1061672
1061669
1061791
1061671
1064107
1062232
1061810
1062238
1061777
1064109
1062079
1064111
1061678
1064113
1061682
1061681
1064112
1064110
1062241
1062253
1064114
1061688
1061683
1061689
1064095
1061686
1064115
1061690
1061692
1061695
1061693
1061691
1061696
1061698
1061697
1063687
1062242
1064125
1062105
1062234
1062221
1061714
1062107
1062114
1064049
1062226
1062999
1061728
1061729
1062210
1062113
1062200
1062246
1062268
1061723
1062117
1062118
1061735
1062116
1062009
1062119
1062022
1061737
1061746
1061747
1061915
1061909
1061963
1061762
1061748
1061764
1061888
1061847
1061894
1061711
1061879
1064005
1061823
1061757
1061772
1062143
1061661
1061785
1061792
1061782
1061789
1062148
1061795
1061797
1062240
1061455
1063431
1062186
1062587
1062069
1062248
1061248
1064172
1061111
1064151
1061373
1061326
1061430
1061289
1061829
1061827
1061525
1061826
1064216
1061109
1061144
1061129
1062124
1064204
1064195
1062570
1064210
1061456
1061192
1064134
1061505
1062579
1061482
1063554
1062046
1063902
1061496
1064175
1062219
1062262
1061820
1062267
1061270
1063565
1062274
1062270
1062277
1062264
1062282
1062278
1062285
1062276
1062275
1062292
1062286
1062295
1062284
1062300
1062296
1062303
1062294
1062293
1062309
1062304
1062312
1062302
1062301
1062317
1062318
1062313
1062320
1062311
1062310
1062325
1062326
1062321
1062328
1062319
1062333
1062329
1062334
1062341
1062342
1062337
1062344
1062335
1062345
1062350
1062343
1062357
1062358
1062360
1062352
1062351
1062367
1062361
1062366
1062359
1062374
1062805
1062804
1062794
1062813
1062808
1062814
1062806
1062823
1062833
1062826
1062840
1062835
1062848
1062832
1062858
1062850
1062862
1062847
1062845
1062867
1062863
1062869
1062861
1062873
1062870
1062877
1062868
1062879
1062882
1062876
1062881
1062875
1062874
1062888
1062885
1062890
1062883
1062907
1062908
1062902
1062912
1062899
1062917
1062913
1062920
1062909
1062926
1062927
1062921
1062931
1062919
1062918
1062940
1062941
1062932
1062945
1062930
1062950
1062946
1062951
1062942
1062959
1062955
1062960
1062954
1062952
1062969
1062965
1062972
1062963
1062962
1062981
1062973
1062984
1062971
1062970
1063005
1062988
1063010
1062983
1063016
1063012
1063009
1063006
1063024
1063020
1063027
1063018
1063017
1063032
1063028
1063033
1063026
1063025
1063042
1063043
1063045
1063035
1063034
1063050
1063251
1063249
1063265
1063273
1063261
1063282
1063272
1063288
1063283
1063287
1063280
1063296
1063290
1063308
1063303
1063309
1063301
1063325
1063326
1063314
1063329
1063311
1063336
1063337
1063327
1063347
1063342
1063349
1063339
1063362
1063355
1063351
1063350
1063370
1063366
1063376
1063364
1063363
1063377
1063394
1063375
1063372
1063403
1063390
1063388
1063407
1063410
1063412
1063400
1063417
1063420
1063413
1063418
1063411
1063434
1063436
1063427
1063423
1063446
1063439
1063451
1063437
1063457
1063453
1063450
1063449
1063469
1063471
1063462
1063470
1063460
1063479
1063475
1063491
1063484
1063481
1063500
1063496
1063501
1063493
1063514
1063507
1063515
1063503
1063502
1063524
1063519
1063529
1063516
1062634
1063530
1062628
1063527
1063528
1062650
1062812
1062732
1062961
1062894
1062987
1062250
1061842
1061859
1062207
1061445
1061627
1062610
1061754
1061135
1061843
1061469
1062208
1061490
1061798
1062975
1064208
1061807
1062544
1062622
11933316
1061811
1061491
1061861
1061575
1062205
1062188
1064135
1061814
1062621
1061982
1062561
1062618
1061855
1061809
1061846
1061840
1061844
1062766
1061845
1061884
1062620
1061863
1062602
1062607
1061841
1061887
1062597
1061876
1061943
1062592
1061871
1062026
1063998
1064019
1063963
1064020
1064022
1063951
1063962
1063948
1063982
1063983
1063947
1063950
1063932
1063938
1063940
1063922
1063920
1063929
1063930
1063912
1063919
1063921
1063924
1063893
1063892
1063905
1063890
1063908
1063909
1063882
1063881
1063887
1063877
1063891
1063866
1063865
1063876
11933318
11933319
1063880
1063852
1063791
1063802
1063803
1063790
1063784
1063794
1063774
1061589
1061605
1061596
1061593
1061602
1061580
1061578
1061594
1061581
1061591
1061567
1061582
1061562
1061579
1061558
1061572
1061560
1061545
1061564
